0 433
1 433
2 433
3 433
4 433
5 433
5 432
6 432
7 432
8 432
8 431
9 431
10 431
11 431
12 431
12 430
13 430
14 430
15 430
16 430
17 430
18 430
18 429
19 429
20 429
21 429
22 429
22 428
23 428
24 428
25 428
26 428
26 427
27 427
28 427
29 427
29 426
30 426
31 426
32 426
32 425
33 425
34 425
35 425
35 424
36 424
37 424
38 424
38 423
39 423
40 423
41 422
42 422
43 422
44 421
45 421
46 421
47 421
47 420
48 420
49 420
49 419
50 419
51 419
51 418
52 418
53 418
53 417
54 417
55 417
55 416
56 416
57 416
57 415
58 415
59 415
59 414
60 414
61 413
62 413
62 412
63 412
64 412
64 411
65 411
66 411
66 410
67 410
68 409
69 409
70 408
71 408
71 407
72 407
73 406
74 406
74 405
75 405
75 404
76 404
76 403
77 403
77 402
78 402
78 401
79 401
80 400
81 400
81 399
82 399
82 398
83 398
83 397
84 397
84 396
85 396
85 395
86 395
86 394
87 394
87 393
88 393
88 392
89 392
89 391
90 390
90 389
91 389
91 388
92 388
92 387
93 387
93 386
94 385
95 384
96 383
96 382
97 382
98 381
98 380
99 380
100 379
100 378
101 378
101 377
102 377
102 376
103 376
103 375
104 375
104 374
105 374
105 373
105 372
106 372
106 371
106 370
107 370
107 369
108 368
108 367
109 367
109 366
109 365
110 365
110 364
110 363
111 363
111 362
111 361
112 361
112 360
113 360
113 359
113 358
114 358
114 357
114 356
115 356
115 355
115 354
116 354
116 353
116 352
117 352
117 351
117 350
117 349
118 349
118 348
118 347
118 346
119 346
119 345
119 344
119 343
119 342
119 341
120 341
120 340
120 339
120 338
120 337
120 336
121 335
121 334
121 333
121 332
121 331
121 330
121 329
121 328
121 327
121 326
121 325
121 324
121 323
121 322
121 321
121 320
122 320
122 319
122 318
122 317
122 316
122 315
122 314
122 313
122 312
122 311
122 310
122 309
122 308
122 307
122 306
122 305
122 304
122 303
121 303
121 302
121 301
121 300
120 299
120 298
120 297
120 296
120 295
120 294
120 293
119 292
119 291
119 290
119 289
119 288
118 287
118 286
118 285
118 284
118 283
118 282
117 282
117 281
117 280
117 279
116 278
116 277
116 276
116 275
115 275
115 274
115 273
115 272
114 271
114 270
113 269
113 268
113 267
113 266
112 266
112 265
112 264
112 263
111 263
111 262
111 261
110 261
110 260
110 259
110 258
109 258
109 257
109 256
108 256
108 255
108 254
108 253
108 252
107 252
107 251
107 250
107 249
107 248
106 248
106 247
106 246
106 245
106 244
106 243
106 242
105 242
105 241
105 240
105 239
105 238
105 237
105 236
104 236
104 235
104 234
104 233
104 232
104 231
103 231
103 230
103 229
103 228
103 227
103 226
102 226
102 225
102 224
102 223
102 222
102 221
101 221
101 220
101 219
101 218
101 217
101 216
100 216
100 215
100 214
100 213
100 212
100 211
100 210
99 210
99 209
99 208
99 207
99 206
99 205
99 204
98 204
98 203
98 202
98 201
98 200
98 199
97 198
97 197
97 196
97 195
97 194
97 193
97 192
97 191
96 190
96 189
96 188
96 187
96 186
96 185
96 184
95 184
95 183
95 182
95 181
95 180
95 179
95 178
95 177
94 177
94 176
94 175
94 174
94 173
94 172
94 171
94 170
93 170
93 169
93 168
93 167
93 166
93 165
93 164
93 163
92 162
92 161
92 160
92 159
92 158
92 157
92 156
92 155
92 154
92 153
92 152
92 151
92 150
92 149
92 148
92 147
92 146
92 145
92 144
92 143
92 142
92 141
92 140
92 139
92 138
92 137
92 136
92 135
93 134
93 133
93 132
93 131
93 130
94 130
94 129
94 128
94 127
94 126
94 125
94 124
95 124
95 123
95 122
95 121
96 121
96 120
96 119
96 118
97 118
97 117
97 116
98 116
98 115
99 115
99 114
99 113
100 113
100 112
100 111
101 111
101 110
102 110
102 109
103 109
103 108
103 107
104 107
104 106
105 106
105 105
106 105
106 104
107 103
107 102
108 102
108 101
109 101
109 100
110 100
110 99
111 99
111 98
112 98
112 97
113 96
113 95
114 95
114 94
115 94
115 93
116 93
116 92
117 92
117 91
118 91
118 90
119 90
119 89
120 89
120 88
121 88
121 87
122 87
122 86
123 86
123 85
124 85
125 85
125 84
126 84
126 83
127 83
127 82
128 82
128 81
129 81
130 81
130 80
131 80
131 79
132 79
132 78
133 78
134 78
134 77
135 77
135 76
136 76
137 76
137 75
138 75
139 75
139 74
140 74
141 74
141 73
142 73
143 73
143 72
144 72
145 72
145 71
146 71
147 71
148 70
149 70
150 70
150 69
151 69
152 69
153 68
154 68
155 68
156 68
157 67
158 67
159 67
160 67
161 66
162 66
163 66
164 66
164 65
165 65
166 65
167 65
168 65
169 65
169 64
170 64
171 64
172 64
172 63
173 63
174 63
175 63
176 63
177 63
178 63
179 63
179 62
180 62
181 62
182 62
183 62
184 62
185 62
186 62
187 62
188 62
189 62
190 62
191 62
192 62
193 62
194 62
195 62
196 62
197 62
198 62
198 63
199 63
200 63
201 63
202 63
203 63
203 64
204 64
205 64
206 64
207 64
208 64
208 65
209 65
210 65
211 65
212 65
213 65
213 66
214 66
215 66
216 66
217 66
218 66
218 67
219 67
220 67
221 67
222 67
222 68
223 68
224 68
225 68
225 69
226 69
227 69
228 69
228 70
229 70
230 70
230 71
231 71
232 71
232 72
233 72
234 72
234 73
235 73
236 73
236 74
237 74
238 74
238 75
239 75
240 75
240 76
241 76
242 77
243 77
243 78
244 78
245 78
246 79
247 79
247 80
248 80
249 80
249 81
250 81
251 81
251 82
252 82
252 83
253 83
254 83
254 84
255 84
255 85
256 85
257 85
257 86
258 86
258 87
259 87
260 87
260 88
261 88
261 89
262 89
263 90
264 90
264 91
265 91
266 92
267 92
267 93
268 93
268 94
269 94
269 95
270 95
270 96
271 96
271 97
272 97
272 98
273 98
273 99
274 99
274 100
275 101
275 102
276 102
276 103
277 103
277 104
278 104
278 105
279 105
279 106
280 107
281 108
281 109
282 109
282 110
283 111
283 112
284 112
284 113
285 113
285 114
285 115
286 115
286 116
287 116
287 117
287 118
288 118
288 119
288 120
289 120
289 121
289 122
290 123
290 124
291 125
291 126
292 127
292 128
293 128
293 129
293 130
294 131
294 132
295 132
295 133
295 134
296 134
296 135
296 136
297 136
297 137
297 138
298 138
298 139
298 140
299 140
299 141
299 142
300 142
300 143
301 144
301 145
301 146
302 146
302 147
302 148
303 148
303 149
304 150
304 151
305 151
305 152
305 153
306 153
306 154
306 155
306 156
307 156
307 157
307 158
307 159
308 159
308 160
308 161
308 162
309 162
309 163
309 164
309 165
309 166
309 167
310 167
310 168
310 169
310 170
310 171
310 172
311 173
311 174
311 175
311 176
311 177
312 177
312 178
312 179
312 180
312 181
313 181
313 182
313 183
313 184
313 185
313 186
313 187
314 187
314 188
314 189
314 190
314 191
314 192
314 193
314 194
315 194
315 195
315 196
315 197
315 198
315 199
315 200
315 201
315 202
315 203
316 204
316 205
316 206
316 207
316 208
316 209
316 210
316 211
316 212
316 213
316 214
316 215
316 216
316 217
316 218
316 219
316 220
316 221
316 222
316 223
316 224
316 225
316 226
316 227
316 228
316 229
316 230
316 231
316 232
316 233
316 234
316 235
316 236
316 237
316 238
316 239
316 240
316 241
316 242
316 243
316 244
316 245
316 246
315 246
315 247
315 248
315 249
314 249
314 250
314 251
314 252
313 252
313 253
313 254
313 255
313 256
312 256
312 257
312 258
312 259
311 259
311 260
311 261
310 261
310 262
310 263
310 264
309 264
309 265
309 266
308 266
308 267
308 268
308 269
308 270
307 270
307 271
307 272
307 273
306 273
306 274
306 275
306 276
305 276
305 277
305 278
305 279
304 279
304 280
304 281
304 282
303 282
303 283
303 284
302 285
302 286
302 287
301 287
301 288
301 289
301 290
300 290
300 291
300 292
300 293
299 293
299 294
299 295
298 296
298 297
298 298
297 298
297 299
297 300
296 301
296 302
295 302
295 303
295 304
295 305
294 305
294 306
294 307
293 307
293 308
293 309
293 310
292 310
292 311
292 312
291 313
291 314
291 315
290 315
290 316
290 317
290 318
289 318
289 319
289 320
288 320
288 321
288 322
287 322
287 323
287 324
287 325
286 325
286 326
286 327
285 327
285 328
285 329
285 330
284 330
284 331
284 332
283 333
283 334
283 335
282 336
282 337
282 338
281 338
281 339
281 340
280 340
280 341
280 342
279 343
279 344
279 345
278 346
278 347
278 348
278 349
277 349
277 350
277 351
277 352
276 352
276 353
276 354
276 355
275 355
275 356
275 357
274 357
274 358
274 359
274 360
273 360
273 361
273 362
272 363
272 364
272 365
271 365
271 366
271 367
270 367
270 368
270 369
269 369
269 370
269 371
269 372
268 372
268 373
268 374
268 375
267 375
267 376
267 377
267 378
267 379
267 380
267 381
266 381
266 382
266 383
266 384
266 385
266 386
265 386
265 387
265 388
265 389
265 390
265 391
265 392
264 392
264 393
264 394
264 395
264 396
264 397
264 398
264 399
264 400
264 401
264 402
264 403
264 404
264 405
264 406
264 407
264 408
265 408
265 409
265 410
266 410
266 411
267 411
267 412
267 413
268 413
268 414
269 415
269 416
270 416
270 417
270 418
271 418
271 419
272 419
272 420
272 421
273 421
273 422
274 422
274 423
275 423
275 424
276 424
276 425
277 425
277 426
278 426
279 427
280 427
280 428
281 428
281 429
282 429
282 430
283 430
284 430
284 431
285 431
286 432
287 432
287 433
288 433
289 433
289 434
290 434
291 434
292 434
292 435
293 435
294 435
294 436
295 436
296 436
296 437
297 437
298 437
299 437
300 437
301 437
302 437
303 437
303 438
304 438
305 438
306 438
307 438
308 438
309 438
310 438
311 438
312 438
313 438
314 438
315 438
316 438
317 438
318 438
319 438
320 438
321 438
322 438
323 438
324 438
324 437
325 437
326 437
327 437
328 437
328 436
329 436
330 436
331 436
332 436
333 436
334 436
334 435
335 435
336 435
337 435
338 435
339 435
340 435
341 435
341 434
342 434
343 434
344 434
345 434
346 434
346 433
347 433
348 433
349 433
350 432
351 432
351 431
352 431
353 431
354 431
354 430
355 430
356 430
356 429
357 429
357 428
358 428
359 428
359 427
360 427
361 427
361 426
362 426
363 425
364 425
364 424
365 424
366 424
366 423
367 423
367 422
368 422
369 422
369 421
370 421
370 420
371 420
372 420
372 419
373 419
373 418
374 418
375 418
375 417
376 417
376 416
377 416
377 415
378 415
379 415
379 414
380 414
381 414
381 413
382 413
382 412
383 412
384 412
384 411
385 411
385 410
386 410
386 409
387 409
387 408
388 408
388 407
389 407
390 407
390 406
391 406
391 405
392 405
393 404
394 403
395 402
396 402
396 401
397 401
398 400
399 400
399 399
400 399
400 398
401 398
401 397
402 397
402 396
403 396
403 395
404 395
404 394
405 394
405 393
406 393
406 392
407 392
407 391
408 391
408 390
409 389
409 388
410 388
410 387
411 387
411 386
411 385
412 385
412 384
413 384
413 383
414 383
414 382
414 381
415 380
415 379
415 378
416 378
416 377
416 376
417 376
417 375
417 374
418 374
418 373
418 372
418 371
419 371
419 370
419 369
420 369
420 368
420 367
421 367
421 366
421 365
422 365
422 364
422 363
423 363
423 362
423 361
423 360
424 360
424 359
424 358
425 358
425 357
425 356
425 355
426 355
426 354
426 353
427 352
427 351
427 350
428 350
428 349
428 348
428 347
429 347
429 346
429 345
430 345
430 344
430 343
430 342
431 342
431 341
431 340
432 340
432 339
432 338
433 338
433 337
433 336
434 336
434 335
434 334
435 333
435 332
435 331
436 331
436 330
436 329
437 329
437 328
437 327
437 326
438 326
438 325
438 324
439 323
439 322
439 321
440 321
440 320
440 319
440 318
441 318
441 317
441 316
442 315
442 314
442 313
443 313
443 312
443 311
443 310
444 310
444 309
444 308
444 307
445 307
445 306
445 305
445 304
446 304
446 303
446 302
446 301
447 301
447 300
447 299
447 298
447 297
448 297
448 296
448 295
448 294
449 293
449 292
449 291
449 290
450 290
450 289
450 288
450 287
451 287
451 286
451 285
451 284
452 284
452 283
452 282
452 281
452 280
453 279
453 278
453 277
453 276
453 275
453 274
454 273
454 272
454 271
454 270
454 269
454 268
454 267
455 267
455 266
455 265
455 264
455 263
455 262
455 261
456 261
456 260
456 259
456 258
456 257
456 256
456 255
457 255
457 254
457 253
457 252
457 251
457 250
458 250
458 249
458 248
458 247
458 246
458 245
458 244
458 243
459 243
459 242
459 241
459 240
459 239
459 238
459 237
460 237
460 236
460 235
460 234
460 233
460 232
461 232
461 231
461 230
461 229
461 228
461 227
462 227
462 226
462 225
462 224
462 223
463 223
463 222
463 221
463 220
464 219
464 218
464 217
464 216
465 216
465 215
465 214
465 213
466 213
466 212
466 211
466 210
467 209
467 208
467 207
467 206
468 206
468 205
468 204
469 204
469 203
469 202
470 201
470 200
470 199
471 199
471 198
471 197
472 197
472 196
472 195
473 195
473 194
473 193
474 193
474 192
474 191
475 190
475 189
475 188
476 188
476 187
476 186
477 186
477 185
477 184
478 184
478 183
479 182
479 181
479 180
480 180
480 179
481 179
481 178
481 177
482 177
482 176
483 176
483 175
484 175
484 174
485 174
485 173
486 173
486 172
487 172
487 171
488 171
488 170
489 170
490 169
491 168
492 168
492 167
493 167
493 166
494 166
494 165
495 165
495 164
496 164
497 163
498 163
498 162
499 162
500 162
501 161
502 161
502 160
503 160
504 160
504 159
505 159
506 159
507 159
507 158
508 158
509 158
509 157
510 157
511 157
511 156
512 156
513 156
514 156
514 155
515 155
516 155
517 155
518 155
518 154
519 154
520 154
521 154
522 154
522 153
523 153
524 153
525 153
526 153
527 153
528 153
529 152
530 152
531 152
532 152
533 152
534 152
535 152
536 152
537 152
538 152
538 151
539 151
540 151
541 151
542 151
543 151
543 150
544 150
545 150
546 150
547 150
548 150
549 150
550 150
551 150
552 150
553 150
554 150
555 150
555 149
556 149
557 149
558 149
559 149
