0 371
1 371
2 371
3 371
4 371
5 371
6 371
7 371
8 371
9 371
10 371
11 371
12 371
13 371
14 371
15 371
16 371
17 371
18 371
19 371
20 371
21 371
22 371
23 371
24 371
25 371
26 371
27 371
28 371
29 371
30 371
31 371
32 371
33 371
34 371
35 371
36 371
37 371
38 371
39 371
40 371
41 371
42 371
43 371
43 370
44 370
45 370
46 370
46 369
47 369
48 369
48 368
49 368
50 368
51 368
51 367
52 367
53 367
54 366
55 366
55 365
56 365
57 364
58 364
59 364
59 363
60 363
61 363
62 363
62 362
63 362
64 362
64 361
65 361
66 361
67 360
67 359
68 359
69 359
69 358
70 358
71 357
72 357
72 356
73 356
73 355
74 355
75 355
75 354
76 354
76 353
77 353
78 352
79 351
80 350
81 349
81 348
82 348
82 347
83 347
83 346
84 346
84 345
85 345
85 344
85 343
86 343
86 342
87 342
87 341
88 340
88 339
89 338
89 337
89 336
90 335
90 334
91 334
91 333
91 332
92 332
92 331
92 330
92 329
92 328
93 328
93 327
93 326
93 325
93 324
94 323
94 322
94 321
95 320
95 319
95 318
95 317
95 316
95 315
95 314
95 313
95 312
95 311
95 310
95 309
95 308
95 307
95 306
95 305
95 304
95 303
95 302
95 301
95 300
95 299
95 298
95 297
95 296
95 295
95 294
95 293
95 292
95 291
95 290
95 289
95 288
95 287
95 286
94 286
94 285
94 284
94 283
94 282
94 281
94 280
94 279
94 278
93 277
93 276
93 275
93 274
93 273
93 272
93 271
92 271
92 270
92 269
92 268
92 267
91 267
91 266
91 265
90 264
90 263
90 262
90 261
89 260
89 259
89 258
88 257
88 256
88 255
88 254
87 254
87 253
86 252
86 251
86 250
85 250
85 249
85 248
85 247
84 247
84 246
84 245
84 244
83 244
83 243
82 243
82 242
82 241
82 240
81 240
81 239
81 238
80 238
80 237
80 236
79 235
79 234
78 234
78 233
77 232
77 231
77 230
76 230
76 229
76 228
76 227
75 227
75 226
75 225
74 224
73 223
73 222
73 221
72 221
72 220
72 219
71 218
71 217
70 216
70 215
69 215
69 214
69 213
68 213
68 212
68 211
67 210
67 209
66 208
66 207
65 206
65 205
65 204
64 203
64 202
64 201
64 200
63 200
63 199
63 198
63 197
63 196
62 196
62 195
61 194
61 193
61 192
61 191
61 190
61 189
60 188
60 187
60 186
60 185
60 184
60 183
60 182
60 181
60 180
60 179
60 178
60 177
60 176
60 175
60 174
60 173
60 172
60 171
60 170
60 169
60 168
60 167
60 166
60 165
60 164
60 163
60 162
60 161
60 160
60 159
60 158
60 157
60 156
60 155
60 154
60 153
60 152
60 151
60 150
60 149
60 148
60 147
60 145
60 144
60 143
61 142
61 141
61 140
62 139
62 138
62 137
62 136
62 135
62 134
62 133
62 132
62 131
62 130
63 130
63 129
63 128
63 127
63 126
63 125
64 124
64 123
64 122
64 121
65 121
65 120
65 119
66 118
66 117
66 116
67 114
67 113
67 112
68 111
68 110
69 110
69 109
69 108
69 107
70 106
70 105
71 105
71 104
71 103
72 102
73 101
73 100
73 99
74 99
74 98
75 97
75 96
76 95
77 94
77 93
77 92
78 92
78 91
79 90
79 89
79 88
80 87
81 86
81 85
81 84
82 84
82 83
83 82
83 81
84 81
84 80
85 79
85 78
86 78
86 77
87 77
87 76
87 75
88 75
89 74
89 73
90 73
91 72
91 71
92 71
93 70
93 69
94 69
94 68
95 68
95 67
96 67
96 66
97 66
98 66
98 65
99 65
99 64
99 63
100 63
101 62
102 62
103 61
104 61
105 60
106 60
106 59
107 59
108 59
108 58
109 58
110 58
110 57
111 57
112 57
112 56
113 56
114 55
115 55
116 55
116 54
117 54
118 54
119 54
119 53
120 53
121 53
122 53
123 53
123 52
124 52
125 52
126 51
127 51
128 51
129 51
130 50
131 50
132 50
133 50
134 50
135 50
136 50
137 50
137 49
139 49
140 49
142 49
143 49
145 49
146 49
148 49
149 49
150 48
151 48
152 48
153 48
154 47
155 47
157 47
158 47
160 47
161 47
162 46
163 46
165 46
166 45
168 45
169 45
170 45
171 44
172 44
173 44
174 44
175 44
176 44
177 44
178 44
179 44
180 44
181 44
181 43
182 43
183 43
184 43
185 43
186 43
187 43
188 43
189 43
190 43
190 44
191 44
192 44
193 45
194 45
194 46
194 47
195 47
195 48
196 48
197 48
197 49
198 49
198 50
199 50
199 51
200 51
200 52
201 52
201 53
202 53
202 54
203 54
203 55
203 56
204 56
204 57
205 57
205 58
206 58
206 59
206 60
206 61
207 61
207 62
207 63
208 64
208 65
208 66
209 66
209 67
210 68
210 69
210 70
211 71
211 72
211 73
212 73
212 74
212 75
213 76
214 76
214 77
214 78
215 78
215 79
215 80
216 80
216 81
216 82
217 82
217 83
218 83
218 84
218 85
219 85
219 86
219 87
219 88
220 88
220 89
220 90
220 91
221 91
221 92
221 93
222 94
222 95
222 96
222 97
223 97
223 98
223 99
223 100
223 101
223 102
224 102
224 103
224 104
224 105
224 106
225 107
225 108
225 109
226 110
226 111
226 112
226 113
226 114
227 114
227 115
227 117
227 118
228 120
228 121
228 122
228 123
229 124
229 125
229 126
230 127
230 128
230 129
230 130
230 131
230 132
230 133
230 134
231 135
231 136
231 137
231 138
231 139
231 140
232 141
232 142
232 143
233 143
233 144
233 145
233 146
233 147
234 147
234 148
234 149
234 150
234 151
234 152
235 152
235 153
235 154
235 155
235 156
235 157
235 158
235 159
236 160
236 161
236 162
236 163
236 164
236 165
236 166
236 167
237 168
237 169
237 170
237 171
237 172
238 172
238 173
238 174
238 175
238 176
238 177
238 178
238 179
238 180
238 181
238 182
238 183
239 183
239 184
239 185
239 186
239 187
239 188
239 189
239 190
239 191
239 192
240 192
240 193
240 194
240 195
240 196
240 197
240 198
240 199
241 199
241 200
241 201
241 202
241 203
241 204
241 205
241 206
241 207
241 208
241 209
242 210
242 211
242 212
242 213
242 214
242 215
242 216
242 217
242 218
242 219
242 220
242 221
242 222
242 223
242 224
242 226
242 227
242 228
243 228
243 230
243 231
243 232
243 234
243 235
243 236
243 237
243 238
243 239
243 240
243 241
243 242
243 243
243 244
243 245
243 246
243 247
243 248
243 249
243 250
243 251
243 252
243 253
243 255
243 256
243 257
243 258
243 259
243 260
243 261
243 262
243 263
243 264
243 266
243 267
243 269
243 270
243 271
243 272
243 273
243 274
243 275
243 276
242 277
242 278
242 279
242 280
241 282
241 283
241 285
241 287
241 288
241 289
240 290
240 291
240 292
240 294
240 295
240 296
240 297
239 298
239 299
238 301
238 302
238 303
238 304
238 305
237 305
237 307
237 308
237 309
236 310
236 311
236 312
235 312
235 313
235 314
235 315
235 316
235 317
234 318
234 319
234 320
234 321
234 322
233 323
233 324
233 325
233 326
233 327
233 328
233 329
232 330
232 331
232 332
232 333
231 333
231 334
231 335
231 336
231 337
231 338
231 339
231 340
231 341
231 342
231 343
230 344
230 345
230 346
230 347
230 348
230 349
230 350
230 351
230 352
230 353
230 354
230 355
230 356
230 357
230 358
230 359
230 360
230 362
230 363
230 364
231 365
231 366
232 368
232 369
233 370
233 371
233 372
233 373
234 373
234 374
235 375
235 376
236 377
236 378
236 379
237 379
237 380
238 381
239 382
239 383
239 384
240 384
240 385
241 386
241 387
242 388
243 388
243 389
244 390
245 391
245 392
246 392
247 393
248 393
248 394
249 394
249 395
249 396
250 396
251 396
251 397
252 397
253 398
254 398
255 399
255 400
256 400
257 401
258 401
259 402
260 402
261 402
262 403
263 403
264 404
265 404
266 404
267 405
268 405
269 405
270 405
270 406
271 406
272 406
273 406
274 406
275 407
276 407
277 408
278 408
279 408
280 408
281 408
281 409
282 409
283 409
284 409
285 409
286 409
287 409
288 409
289 409
289 410
290 410
292 410
293 410
294 410
295 410
296 410
297 410
298 410
299 410
300 411
301 411
302 411
303 411
304 411
305 411
306 411
307 411
308 411
309 411
311 411
312 411
314 411
315 411
316 411
317 411
318 411
319 411
320 411
321 411
322 411
323 411
323 410
324 410
325 410
326 410
326 409
327 409
328 409
329 409
330 409
330 408
331 408
332 408
333 407
334 407
334 406
335 406
336 406
337 405
338 405
339 404
340 404
340 403
341 403
341 402
342 402
343 401
344 401
344 400
345 400
346 399
347 398
348 398
348 397
349 397
350 397
350 396
351 396
351 395
351 394
352 394
352 393
353 393
354 393
354 392
355 391
355 390
356 390
356 389
357 388
358 388
358 387
358 386
359 386
359 385
360 384
360 383
361 383
362 382
362 381
362 380
363 380
363 379
363 378
363 377
364 377
364 376
364 375
364 374
365 373
365 372
366 372
366 371
366 370
366 369
366 368
367 368
367 367
367 366
367 365
368 364
368 362
368 361
369 360
370 359
370 358
370 357
370 356
371 355
371 354
371 353
371 352
371 351
371 350
372 350
372 349
372 348
372 347
372 346
372 345
372 344
373 343
373 342
373 341
373 340
374 340
374 339
374 338
374 337
374 336
374 335
374 334
374 333
374 332
375 331
375 330
375 328
375 327
375 326
375 325
375 324
375 323
376 322
376 321
376 320
376 319
376 317
377 317
377 316
377 315
377 314
377 313
377 312
377 311
377 310
377 309
378 309
378 308
378 307
378 306
378 305
378 304
378 303
378 302
378 301
378 300
378 299
378 298
379 298
379 297
379 296
379 295
379 294
379 293
379 291
379 290
379 289
379 288
379 287
379 286
379 285
379 284
379 283
379 282
379 281
379 280
379 279
379 278
379 277
379 276
379 275
378 275
378 274
378 273
378 272
378 271
378 270
377 269
377 268
377 267
376 266
376 265
376 264
376 263
376 262
376 261
375 260
375 259
375 258
375 257
375 256
375 255
374 255
374 254
374 253
374 252
374 251
374 250
373 249
373 248
373 247
373 246
373 245
373 244
373 243
373 242
373 241
373 240
373 239
373 238
373 237
373 236
373 235
373 234
373 233
373 232
373 231
373 230
373 229
373 228
373 227
373 226
373 225
373 224
373 223
373 222
373 221
373 220
373 219
373 218
373 217
373 216
373 215
374 214
374 213
374 212
374 211
374 210
374 209
374 208
374 207
374 206
374 205
374 204
374 203
374 202
374 201
374 200
374 199
374 198
374 197
374 196
374 195
374 194
374 193
374 192
374 191
374 190
374 189
374 188
374 187
374 186
374 185
374 184
374 183
374 182
374 181
374 180
374 179
374 178
374 177
374 176
374 175
374 174
375 173
375 172
375 171
375 170
376 170
377 170
377 169
377 168
378 168
378 167
378 166
379 166
379 165
380 165
380 164
381 164
381 163
382 163
382 162
383 162
383 161
383 160
384 160
385 159
385 158
386 158
386 157
386 156
387 156
387 155
388 155
389 154
389 153
390 153
390 152
390 151
391 151
391 150
392 150
392 149
393 148
394 147
394 146
395 146
395 145
396 144
397 144
397 143
398 143
398 142
399 142
399 141
400 141
400 140
401 140
401 139
402 139
402 138
403 137
403 136
404 136
404 135
405 135
405 134
406 134
406 133
407 133
407 132
407 131
408 131
409 130
410 130
411 129
412 129
412 128
413 128
413 127
414 127
415 127
415 126
416 126
416 125
417 125
418 125
419 124
420 124
420 123
421 123
422 123
422 122
423 122
424 122
425 122
426 121
427 121
428 121
429 121
430 120
431 120
432 119
433 119
434 119
435 119
436 119
436 118
437 118
438 118
439 118
440 118
441 118
442 118
443 118
444 118
445 118
445 117
446 117
447 117
448 117
449 117
450 117
451 117
452 117
453 117
454 117
455 117
456 117
457 117
458 117
459 117
460 117
460 116
461 116
462 116
463 116
464 116
465 116
466 116
467 116
468 116
469 116
470 116
471 115
472 115
473 115
474 115
475 115
476 115
477 115
478 115
479 115
480 115
481 115
482 115
483 115
484 115
485 115
486 115
487 115
488 115
489 115
490 115
491 115
492 115
493 115
494 115
495 115
496 115
497 115
498 115
499 115
500 115
501 115
501 116
502 116
503 116
504 116
505 116
506 116
507 116
508 116
509 116
510 116
511 117
512 117
513 117
514 117
515 117
516 117
517 117
517 118
518 118
519 118
520 118
521 118
522 118
523 118
523 119
524 119
525 119
526 119
527 119
527 120
528 120
529 120
530 120
531 120
532 120
533 120
534 121
535 121
536 121
537 121
538 121
539 121
540 122
541 122
542 122
543 122
544 122
545 122
546 122
546 123
547 123
548 123
548 124
549 124
550 124
551 124
552 124
552 125
553 125
554 125
555 125
556 125
557 125
558 126
559 126
